# Export date and time: Wed Jul 9 18:47:25 2025
# Name: 2025_07_09_25nm_270
#    Date: Wed Jul 9 17:05:25 2025
#    Weight: 7.2 mg
Temperature (°C)	Corrected delta m (2025_07_09_25nm_270) (mg)
28.09	-0.02
29.09	-0.01
30.09	-0.01
31.09	-0.00
32.09	-0.01
33.09	0.00
34.09	0.01
35.09	0.01
36.09	0.00
37.09	0.00
38.09	-0.00
39.09	-0.01
40.09	-0.01
41.09	-0.01
42.09	-0.01
43.09	-0.01
44.09	-0.01
45.09	-0.00
46.09	-0.00
47.09	-0.02
48.09	-0.01
49.09	-0.01
50.09	-0.01
51.09	-0.02
52.09	-0.02
53.09	-0.02
54.09	-0.02
55.09	-0.01
56.09	-0.02
57.09	-0.02
58.09	-0.02
59.09	-0.02
60.09	-0.02
61.09	-0.03
62.09	-0.02
63.09	-0.02
64.09	-0.03
65.09	-0.02
66.09	-0.03
67.09	-0.03
68.09	-0.03
69.09	-0.03
70.09	-0.03
71.09	-0.03
72.09	-0.03
73.09	-0.04
74.09	-0.03
75.09	-0.04
76.09	-0.04
77.09	-0.04
78.09	-0.04
79.09	-0.04
80.09	-0.05
81.09	-0.04
82.09	-0.04
83.09	-0.05
84.09	-0.05
85.09	-0.04
86.09	-0.04
87.09	-0.05
88.09	-0.04
89.09	-0.05
90.09	-0.05
91.09	-0.05
92.09	-0.04
93.09	-0.05
94.09	-0.05
95.09	-0.06
96.09	-0.06
97.09	-0.05
98.09	-0.05
99.09	-0.05
100.09	-0.05
101.09	-0.05
102.09	-0.05
103.09	-0.04
104.09	-0.05
105.09	-0.05
106.09	-0.05
107.09	-0.05
108.09	-0.05
109.09	-0.06
110.09	-0.04
111.09	-0.05
112.09	-0.06
113.09	-0.05
114.09	-0.04
115.09	-0.05
116.09	-0.04
117.09	-0.05
118.09	-0.05
119.09	-0.06
120.09	-0.06
121.09	-0.06
122.09	-0.06
123.09	-0.06
124.09	-0.05
125.09	-0.06
126.09	-0.06
127.09	-0.06
128.09	-0.06
129.09	-0.06
130.09	-0.06
131.09	-0.07
132.09	-0.07
133.09	-0.06
134.09	-0.05
135.09	-0.06
136.09	-0.06
137.09	-0.06
138.09	-0.06
139.09	-0.07
140.09	-0.07
141.09	-0.07
142.09	-0.06
143.09	-0.07
144.09	-0.07
145.09	-0.07
146.09	-0.07
147.09	-0.07
148.09	-0.07
149.09	-0.08
150.09	-0.07
151.09	-0.07
152.09	-0.07
153.09	-0.06
154.09	-0.06
155.09	-0.06
156.09	-0.06
157.09	-0.06
158.09	-0.07
159.09	-0.06
160.09	-0.06
161.09	-0.07
162.09	-0.06
163.09	-0.07
164.09	-0.06
165.09	-0.06
166.09	-0.07
167.09	-0.06
168.09	-0.06
169.09	-0.06
170.09	-0.05
171.09	-0.06
172.09	-0.04
173.09	-0.04
174.09	-0.05
175.09	-0.05
176.09	-0.04
177.09	-0.05
178.09	-0.05
179.09	-0.06
180.09	-0.05
181.09	-0.06
182.09	-0.06
183.09	-0.05
184.09	-0.05
185.09	-0.04
186.09	-0.05
187.09	-0.05
188.09	-0.05
189.09	-0.05
190.09	-0.06
191.09	-0.06
192.09	-0.07
193.09	-0.06
194.09	-0.06
195.09	-0.06
196.09	-0.05
197.09	-0.05
198.09	-0.05
199.09	-0.05
200.09	-0.05
201.09	-0.05
202.09	-0.05
203.09	-0.05
204.09	-0.04
205.09	-0.05
206.09	-0.05
207.09	-0.05
208.09	-0.06
209.09	-0.05
210.09	-0.06
211.09	-0.06
212.09	-0.06
213.09	-0.06
214.09	-0.05
215.09	-0.06
216.09	-0.05
217.09	-0.05
218.09	-0.05
219.09	-0.06
220.09	-0.06
221.09	-0.06
222.09	-0.05
223.09	-0.05
224.09	-0.07
225.09	-0.07
226.09	-0.07
227.09	-0.08
228.09	-0.08
229.09	-0.08
230.09	-0.09
231.09	-0.09
232.09	-0.10
233.09	-0.10
234.09	-0.08
235.09	-0.09
236.09	-0.10
237.09	-0.10
238.09	-0.09
239.09	-0.10
240.09	-0.10
241.09	-0.10
242.09	-0.10
243.09	-0.10
244.09	-0.10
245.09	-0.10
246.09	-0.11
247.09	-0.10
248.09	-0.10
249.09	-0.10
250.09	-0.10
251.09	-0.10
252.09	-0.10
253.09	-0.10
254.09	-0.11
255.09	-0.11
256.09	-0.10
257.09	-0.10
258.09	-0.11
259.09	-0.10
260.09	-0.10
261.09	-0.09
262.09	-0.10
263.09	-0.12
264.09	-0.12
265.09	-0.12
266.09	-0.11
267.09	-0.11
268.09	-0.12
269.09	-0.12
270.09	-0.13
271.09	-0.13
272.09	-0.13
273.09	-0.13
274.09	-0.12
275.09	-0.13
276.09	-0.13
277.09	-0.14
278.09	-0.14
279.09	-0.15
280.09	-0.15
281.09	-0.14
282.09	-0.13
283.09	-0.13
284.09	-0.13
285.09	-0.13
286.09	-0.14
287.09	-0.15
288.09	-0.15
289.09	-0.15
290.09	-0.15
291.09	-0.14
292.09	-0.14
293.09	-0.16
294.09	-0.16
295.09	-0.15
296.09	-0.16
297.09	-0.16
298.09	-0.15
299.09	-0.15
300.09	-0.15
301.09	-0.15
302.09	-0.15
303.09	-0.16
304.09	-0.15
305.09	-0.14
306.09	-0.14
307.09	-0.15
308.09	-0.15
309.09	-0.15
310.09	-0.15
311.09	-0.14
312.09	-0.15
313.09	-0.15
314.09	-0.14
315.09	-0.15
316.09	-0.15
317.09	-0.15
318.09	-0.15
319.09	-0.15
320.09	-0.15
321.09	-0.15
322.09	-0.15
323.09	-0.15
324.09	-0.16
325.09	-0.15
326.09	-0.14
327.09	-0.15
328.09	-0.15
329.09	-0.15
330.09	-0.15
331.09	-0.15
332.09	-0.15
333.09	-0.16
334.09	-0.16
335.09	-0.16
336.09	-0.15
337.09	-0.15
338.09	-0.16
339.09	-0.15
340.09	-0.15
341.09	-0.16
342.09	-0.16
343.09	-0.16
344.09	-0.16
345.09	-0.18
346.09	-0.16
347.09	-0.17
348.09	-0.16
349.09	-0.17
350.09	-0.18
351.09	-0.17
352.09	-0.16
353.09	-0.17
354.09	-0.17
355.09	-0.17
356.09	-0.16
357.09	-0.17
358.09	-0.17
359.09	-0.18
360.09	-0.17
361.09	-0.18
362.09	-0.18
363.09	-0.19
364.09	-0.18
365.09	-0.19
366.09	-0.18
367.09	-0.17
368.09	-0.19
369.09	-0.19
370.09	-0.19
371.09	-0.19
372.09	-0.20
373.09	-0.20
374.09	-0.21
375.09	-0.21
376.09	-0.22
377.09	-0.22
378.09	-0.22
379.09	-0.21
380.09	-0.21
381.09	-0.22
382.09	-0.21
383.09	-0.22
384.09	-0.22
385.09	-0.22
386.09	-0.23
387.09	-0.22
388.09	-0.23
389.09	-0.23
390.09	-0.23
391.09	-0.23
392.09	-0.23
393.09	-0.22
394.09	-0.23
395.09	-0.23
396.09	-0.24
397.09	-0.24
398.09	-0.23
399.09	-0.24
400.09	-0.24
401.09	-0.25
402.09	-0.24
403.09	-0.24
404.09	-0.25
405.09	-0.24
406.09	-0.25
407.09	-0.26
408.09	-0.26
409.09	-0.25
410.09	-0.25
411.09	-0.25
412.09	-0.25
413.09	-0.26
414.09	-0.26
415.09	-0.25
416.09	-0.27
417.09	-0.25
418.09	-0.25
419.09	-0.25
420.09	-0.23
421.09	-0.24
422.09	-0.25
423.09	-0.25
424.09	-0.26
425.09	-0.26
426.09	-0.26
427.09	-0.26
428.09	-0.26
429.09	-0.27
430.09	-0.27
431.09	-0.28
432.09	-0.28
433.09	-0.28
434.09	-0.28
435.09	-0.28
436.09	-0.28
437.09	-0.29
438.09	-0.29
439.09	-0.27
440.09	-0.28
441.09	-0.29
442.09	-0.29
443.09	-0.29
444.09	-0.29
445.09	-0.29
446.09	-0.29
447.09	-0.29
448.09	-0.29
449.09	-0.29
450.09	-0.30
451.09	-0.30
452.09	-0.30
453.09	-0.30
454.09	-0.31
455.09	-0.31
456.09	-0.32
457.09	-0.32
458.09	-0.32
459.09	-0.34
460.09	-0.34
461.09	-0.34
462.09	-0.35
463.09	-0.35
464.09	-0.35
465.09	-0.36
466.09	-0.36
467.09	-0.37
468.09	-0.37
469.09	-0.39
470.09	-0.39
471.09	-0.39
472.09	-0.39
473.09	-0.40
474.09	-0.41
475.09	-0.42
476.09	-0.43
477.09	-0.44
478.09	-0.45
479.09	-0.45
480.09	-0.47
481.09	-0.48
482.09	-0.48
483.09	-0.51
484.09	-0.52
485.09	-0.52
486.09	-0.53
487.09	-0.55
488.09	-0.57
489.09	-0.57
490.09	-0.58
491.09	-0.59
492.09	-0.60
493.09	-0.61
494.09	-0.62
495.09	-0.64
496.09	-0.64
497.09	-0.65
498.09	-0.67
499.09	-0.69
500.09	-0.71
501.09	-0.73
502.09	-0.75
503.09	-0.76
504.09	-0.78
505.09	-0.80
506.09	-0.82
507.09	-0.83
508.09	-0.85
509.09	-0.86
510.09	-0.88
511.09	-0.90
512.09	-0.91
513.09	-0.93
514.09	-0.95
515.09	-0.95
516.09	-0.97
517.09	-0.99
518.09	-1.00
519.09	-1.02
520.09	-1.05
521.09	-1.06
522.09	-1.08
523.09	-1.10
524.09	-1.11
525.09	-1.12
526.09	-1.14
527.09	-1.15
528.09	-1.17
529.09	-1.19
530.09	-1.21
531.09	-1.22
532.09	-1.23
533.09	-1.24
534.09	-1.27
535.09	-1.28
536.09	-1.30
537.09	-1.32
538.09	-1.32
539.09	-1.34
540.09	-1.35
541.09	-1.36
542.09	-1.37
543.09	-1.38
544.09	-1.40
545.09	-1.42
546.09	-1.42
547.09	-1.44
548.09	-1.44
549.09	-1.45
550.09	-1.46
551.09	-1.45
552.09	-1.48
553.09	-1.48
554.09	-1.49
555.09	-1.50
556.09	-1.51
557.09	-1.51
558.09	-1.54
559.09	-1.55
560.09	-1.56
561.09	-1.56
562.09	-1.56
563.09	-1.57
564.09	-1.58
565.09	-1.59
566.09	-1.61
567.09	-1.63
568.09	-1.64
569.09	-1.64
570.09	-1.65
571.09	-1.66
572.09	-1.67
573.09	-1.68
574.09	-1.69
575.09	-1.70
576.09	-1.71
577.09	-1.73
578.09	-1.74
579.09	-1.74
580.09	-1.76
581.09	-1.76
582.09	-1.77
583.09	-1.78
584.09	-1.78
585.09	-1.81
586.09	-1.79
587.09	-1.81
588.09	-1.83
589.09	-1.84
590.09	-1.85
591.09	-1.86
592.09	-1.87
593.09	-1.87
594.09	-1.87
595.09	-1.87
596.09	-1.89
597.09	-1.91
598.09	-1.91
599.09	-1.93
600.09	-1.94
601.09	-1.95
602.09	-1.96
603.09	-1.98
604.09	-1.99
605.09	-1.99
606.09	-2.01
607.09	-2.01
608.09	-2.03
609.09	-2.05
610.09	-2.08
611.09	-2.08
612.09	-2.09
613.09	-2.10
614.09	-2.11
615.09	-2.12
616.09	-2.14
617.09	-2.15
618.09	-2.17
619.09	-2.18
620.09	-2.20
621.09	-2.21
622.09	-2.23
623.09	-2.24
624.09	-2.26
625.09	-2.27
626.09	-2.28
627.09	-2.29
628.09	-2.31
629.09	-2.33
630.09	-2.33
631.09	-2.35
632.09	-2.38
633.09	-2.39
634.09	-2.41
635.09	-2.43
636.09	-2.44
637.09	-2.46
638.09	-2.48
639.09	-2.50
640.09	-2.51
641.09	-2.54
642.09	-2.55
643.09	-2.58
644.09	-2.60
645.09	-2.62
646.09	-2.63
647.09	-2.66
648.09	-2.67
649.09	-2.70
650.09	-2.71
651.09	-2.73
652.09	-2.75
653.09	-2.78
654.09	-2.80
655.09	-2.82
656.09	-2.84
657.09	-2.87
658.09	-2.88
659.09	-2.90
660.09	-2.91
661.09	-2.94
662.09	-2.96
663.09	-2.98
664.09	-3.01
665.09	-3.03
666.09	-3.06
667.09	-3.08
668.09	-3.09
669.09	-3.12
670.09	-3.13
671.09	-3.16
672.09	-3.18
673.09	-3.21
674.09	-3.23
675.09	-3.25
676.09	-3.27
677.09	-3.29
678.09	-3.31
679.09	-3.35
680.09	-3.37
681.09	-3.39
682.09	-3.42
683.09	-3.43
684.09	-3.46
685.09	-3.49
686.09	-3.51
687.09	-3.52
688.09	-3.55
689.09	-3.58
690.09	-3.60
691.09	-3.64
692.09	-3.65
693.09	-3.68
694.09	-3.70
695.09	-3.72
696.09	-3.76
697.09	-3.78
698.09	-3.80
699.09	-3.83
700.09	-3.86
701.09	-3.88
702.09	-3.91
703.09	-3.93
704.09	-3.96
705.09	-3.98
706.09	-4.01
707.09	-4.03
708.09	-4.06
709.09	-4.09
710.09	-4.12
711.09	-4.14
712.09	-4.17
713.09	-4.19
714.09	-4.20
715.09	-4.24
716.09	-4.25
717.09	-4.29
718.09	-4.31
719.09	-4.35
720.09	-4.37
721.09	-4.41
722.09	-4.44
723.09	-4.46
724.09	-4.49
725.09	-4.51
726.09	-4.55
727.09	-4.57
728.09	-4.58
729.09	-4.64
730.09	-4.64
731.09	-4.67
732.09	-4.73
733.09	-4.73
734.09	-4.77
735.09	-4.80
736.09	-4.82
737.09	-4.83
738.09	-4.84
739.09	-4.86
740.09	-4.94
741.09	-4.92
742.09	-4.92
743.09	-5.02
744.09	-4.97
745.09	-4.99
746.09	-5.08
747.09	-5.10
748.09	-5.13
749.09	-5.11
750.09	-5.13
751.09	-5.17
752.09	-5.19
753.09	-5.20
754.09	-5.23
755.09	-5.25
756.09	-5.26
757.09	-5.29
758.09	-5.32
759.09	-5.33
760.09	-5.36
761.09	-5.39
762.09	-5.41
763.09	-5.44
764.09	-5.46
765.09	-5.47
766.09	-5.49
767.09	-5.51
768.09	-5.54
769.09	-5.55
770.09	-5.58
771.09	-5.60
772.09	-5.62
773.09	-5.64
774.09	-5.66
775.09	-5.69
776.09	-5.70
777.09	-5.74
778.09	-5.76
779.09	-5.78
780.09	-5.81
781.09	-5.82
782.09	-5.84
783.09	-5.87
784.09	-5.89
785.09	-5.92
786.09	-5.95
787.09	-5.98
788.09	-6.00
789.09	-6.03
790.09	-6.05
791.09	-6.07
792.09	-6.10
793.09	-6.11
794.09	-6.14
795.09	-6.17
796.09	-6.19
797.09	-6.22
798.09	-6.24
799.09	-6.26
800.09	-6.27
801.09	-6.30
802.09	-6.33
803.09	-6.34
804.09	-6.37
805.09	-6.39
806.09	-6.41
807.09	-6.45
808.09	-6.46
809.09	-6.48
810.09	-6.50
811.09	-6.52
812.09	-6.55
813.09	-6.57
814.09	-6.59
815.09	-6.62
816.09	-6.64
817.09	-6.67
818.09	-6.68
819.09	-6.69
820.09	-6.71
821.09	-6.75
822.09	-6.77
823.09	-6.75
824.09	-6.78
825.09	-6.79
826.09	-6.83
827.09	-6.82
828.09	-6.82
829.09	-6.84
830.09	-6.80
831.09	-6.86
832.09	-6.86
833.09	-6.90
834.09	-6.82
835.09	-6.79
836.09	-6.90
837.09	-6.85
838.09	-6.79
839.09	-6.79
840.09	-6.82
841.09	-6.77
842.09	-6.84
843.09	-6.90
844.09	-6.78
845.09	-6.85
846.09	-6.81
847.09	-6.89
848.09	-6.78
849.09	-6.80
850.09	-6.91
851.09	-6.91
852.09	-6.90
853.09	-6.79
854.09	-6.89
855.09	-6.84
856.09	-6.85
857.09	-6.86
858.09	-6.88
859.09	-6.82
860.09	-6.86
861.09	-6.88
862.09	-6.87
863.09	-6.83
864.09	-6.82
865.09	-6.83
866.09	-6.83
867.09	-6.84
868.09	-6.85
869.09	-6.81
870.09	-6.85
871.09	-6.84
872.09	-6.84
873.09	-6.83
874.09	-6.84
875.09	-6.82
876.09	-6.84
877.09	-6.84
878.09	-6.86
879.09	-6.85
880.09	-6.85
881.09	-6.83
882.09	-6.84
883.09	-6.83
884.09	-6.84
885.09	-6.84
886.09	-6.84
887.09	-6.83
888.09	-6.84
889.09	-6.84
890.09	-6.84
891.09	-6.84
892.09	-6.83
893.09	-6.84
894.09	-6.83
895.09	-6.84
896.09	-6.82
897.09	-6.81
898.09	-6.82
899.09	-6.78
